Likert
Scale 1
for
Most
Unlikely
to 5 for
Most
Likely
Age      GenderqualificationYearsofexperienceROL1ROL2ROL3BO1BO2BO3BO4BO1BO6BO7BO8BO9SE1SE2SE3SE4PP1PP2PP3PP4PP5PP6PP7PP8PP9PP10
       1      1            2                2   4   2   2 4 5 2 3 2 2 3 4 2 4 4 4 2 4 4 2 4 4 4 3 4 4                         4
       1      1            3                2   4   4   4 4 4 4 2 2 3 4 2 2 3 3 3 3 4 2 3 4 4 4 4 4 2                         3
       1      2            3                2   4   4   4 4 4 4 4 4 4 4 4 2 4 4 4 4 4 4 4 4 4 4 4 4 4                         4
       1      2            3                2   3   2   4 4 2 5 3 2 2 3 4 2 4 4 4 4 4 4 2 3 3 4 4 4 4                         4
       1      2            3                2   5   4   5 4 4 3 4 3 2 5 2 2 4 4 4 3 4 4 4 5 4 5 4 4 4                         5
       2      2            3                4   5   4   4 5 5 5 3 4 4 4 2 4 4 2 4 2 3 5 5 5 5 5 5 5 4                         4
       1      1            3                2   4   2   4 2 2 2 2 2 2 4 2 2 4 4 4 4 4 4 2 4 4 4 4 4 4                         4
       1      1            1                3   3   3   3 3 3 3 3 3 3 3 3 3 3 3 3 3 3 3 3 3 3 3 3 3 3                         3
       1      2            2                1   4   1   1 4 4 5 3 3 4 4 4 4 3 4 4 4 4 5 5 3 3 4 4 4 4                         4
       2      1            3                3   4   3   4 4 3 4 2 2 2 5 4 2 3 2 4 3 4 4 4 4 4 4 4 4 4                         4
       2      1            3                3   3   4   4 2 4 3 2 2 2 5 2 2 3 2 4 4 3 4 4 4 4 4 3 4 4                         3
       1      2            3                1   3   2   2 4 4 4 4 4 4 3 3 3 2 3 4 2 4 4 3 4 4 4 4 4 4                         4
       2      1            3                3   4   4   4 3 4 4 4 4 4 4 4 3 3 3 3 3 4 4 4 4 4 4 4 4 4                         4
       2      1            3                3   4   4   4 3 3 2 3 3 2 2 2 2 4 4 3 4 4 4 4 4 4 4 4 4 4                         4
       1      1            3                2   4   3   4 3 4 4 3 3 3 4 4 3 4 4 3 3 4 3 3 3 4 4 3 4 4                         3
       2      2            3                3   5   5   5 5 5 5 4 5 2 4 2 2 4 4 4 4 4 4 4 4 4 4 4 4 4                         4
       2      1            3                2   5   4   5 5 4 4 4 5 4 5 5 4 4 4 2 4 4 2 1 4 5 5 5 4 4                         4
       2      1            3                4   4   4   4 2 4 2 2 2 2 4 4 2 4 4 4 4 3 4 4 4 4 4 3 4 4                         4
       2      1            3                2   4   4   5 4 2 2 2 2 3 5 3 2 4 4 4 4 4 4 4 3 3 3 4 4 4                         3
       2      1            2                4   2   2   3 2 1 2 2 2 2 2 2 2 4 2 4 2 3 3 3 3 4 3 4 3 4                         3
       1      2            3                2   5   4   5 4 2 4 2 1 1 5 5 2 5 5 2 2 4 4 5 5 5 5 5 5 4                         4
       2      2            3                2   5   4   5 5 5 5 5 5 5 5 3 5 4 2 4 2 4 3 4 3 3 3 3 4 4                         4
       1      2            3                2   4   3   4 3 4 4 4 4 3 4 3 2 4 2 4 4 3 3 3 3 4 4 4 4 4                         4
       1      2            3                2   5   4   3 4 2 5 3 2 2 4 4 2 2 4 4 4 4 4 2 4 4 4 4 4 4                         4
       1      1            2                2   4   4   4 4 4 4 4 4 3 4 4 4 4 4 4 4 4 4 4 4 4 4 4 4 4                         4
       1      1            2                3   5   4   4 3 3 4 3 3 1 2 3 3 4 3 4 4 3 4 4 4 2 3 2 4 3                         4
       1      2            3                2   1   4   4 4 4 5 4 4 3 4 4 3 3 4 3 3 4 3 3 4 4 4 1 1 3                         2
       1      1            2                2   4   4   4 4 4 4 2 4 4 3 2 2 4 2 4 2 4 4 4 4 4 4 4 4 4                         4
       1      1            2                1   3   4   2 3 4 5 2 2 1 2 2 2 4 3 2 4 3 4 4 2 5 5 3 4 4                         4
       1      2            2                1   3   2   4 4 4 4 2 3 3 3 2 2 3 4 2 4 3 3 3 3 3 3 3 3 3                         3
       1      1            1                2   3   2   4 4 4 4 4 4 4 4 4 4 4 4 4 4 4 4 4 4 4 4 4 4 4                         4
       1      1            1                1   2   4   2 3 3 3 3 3 3 3 3 3 3 3 3 3 3 3 3 3 3 3 3 3 3                         3
       1      1            2                1   4   4   4 4 4 4 4 4 4 3 4 5 4 4 4 4 4 4 5 5 5 5 5 5 5                         5
       1      1            1                1   5   5   5 5 5 5 5 5 5 5 5 5 5 5 5 5 5 5 5 5 5 5 5 5 5                         5
       2      1            3                4   4   2   4 4 4 4 4 3 2 4 4 4 4 2 3 4 4 4 4 4 4 3 4 4 4                         4
       1      1            3                2   4   4   5 4 4 4 2 2 2 5 2 3 3 3 4 2 4 4 2 2 4 5 5 4 4                         4
       1      1            1                2   3   3   4 4 4 4 3 3 2 4 3 3 4 4 4 3 3 4 3 3 3 4 3 3 4                         3
       1      2            1                1   4   4   3 4 4 5 3 3 3 4 4 4 4 4 4 4 4 4 4 4 4 4 4 4 3                         4
       1      1            2                1   5   5   5 4 4 3 4 3 4 4 4 4 4 4 4 4 3 3 4 4 3 4 4 3 3                         3
       1      1            2                2   5   2   2 3 2 2 2 2 2 3 2 2 4 4 4 4 4 3 3 4 4 3 3 4 4                         3
       1      2            1                1   5   1   4 3 3 3 3 3 3 3 3 3 3 3 3 3 3 3 3 3 3 3 3 3 3                         3
       1      2            3                2   4   4   5 5 5 5 4 4 3 4 4 4 4 3 2 4 3 2 2 3 4 4 3 3 3                         4
       1      2            2                2   4   4   3 4 3 3 2 3 3 3 2 3 4 5 2 4 3 3 2 4 4 4 4 4 3                         3
       2      1            3                4   4   3   4 4 4 2 3 3 2 4 3 4 4 3 4 4 4 4 4 4 4 4 4 4 4                         4
       1      1            2                2   5   5   5 3 2 3 4 4 2 4 4 2 4 3 4 2 4 4 3 4 4 5 5 5 5                         3
       1      1            3                3   5   3   2 2 2 2 2 2 2 1 2 2 4 2 4 2 3 4 4 3 4 3 4 4 4                         3
       1      2            3                2   4   3   2 2 2 2 2 2 2 3 2 2 2 2 2 2 4 4 4 4 3 3 4 4 4                         4
       1      1            2                1   4   2   3 2 2 4 2 2 2 3 3 2 2 1 3 2 3 4 4 3 3 3 3 4 4                         3
       1      2            2                1   4   3   4 3 4 3 4 3 2 2 2 1 3 3 3 4 3 3 4 3 3 3 3 3 3                         4
       1      1            2                1   3   4   4 4 4 4 4 4 4 4 4 4 4 4 4 4 3 3 3 3 3 3 4 4 3                         3
       1      2            2                1   4   4   4 3 3 2 2 2 2 4 3 2 4 4 4 2 4 4 4 4 4 4 4 4 4                         4
       1      1            2                2   4   3   3 2 1 3 1 1 1 1 1 1 3 3 3 3 3 3 3 3 3 3 3 3 3                         3
       1      1            1                2   3   3   3 4 1 4 1 4 3 4 4 3 5 5 5 5 1 3 4 4 1 5 1 1 3                         3
       1      1            3                1   5   4   2 2 3 2 2 2 1 2 5 3 4 3 4 4 4 5 4 3 4 4 4 4 4                         4
       1      1            2                2   3   3   3 2 3 2 4 4 2 3 3 3 3 3 3 2 3 3 3 3 3 3 3 3 3                         3
       3      2            2                3   2   2   4 3 3 4 3 3 2 2 4 2 4 2 4 2 3 4 3 3 3 4 4 3 3                         3
       2      2            3                4   5   4   5 5 4 4 3 4 2 4 4 2 4 3 3 4 3 3 2 4 3 4 4 4 4                         4
       2      2            4                3   4   4   4 4 5 5 3 2 2 4 3 3 3 4 3 4 3 3 3 3 4 3 3 3 3                         3
       2      1            3                3   4   4   4 4 2 1 2 1 1 5 4 1 1 5 4 4 2 3 1 1 2 1 1 1 5                         2
       4      1            2                4   2   4   4 2 2 2 2 3 2 4 4 2 4 3 3 3 2 4 4 2 4 4 4 4 4                         4
       2      2            3                2   5   1   4 3 4 2 4 2 2 3 2 4 4 2 4 2 4 4 4 4 3 4 5 4 4                         4
       2      1            3                4   4   4   4 5 5 5 4 5 5 5 4 4 4 2 4 2 4 2 2 2 2 5 5 4 2                         2
       2      1            3                3   5   4   4 3 3 2 1 2 2 5 2 3 3 3 4 2 4 4 4 4 3 4 4 3 4                         4
       1      1            3                3   4   2   3 1 1 2 3 1 1 4 2 2 5 4 4 3 3 3 3 3 3 3 3 3 3                         3
       1      2            3                2   5   5   5 4 5 1 4 5 2 5 4 3 5 5 5 2 4 4 4 4 4 4 4 4 4                         4
       2      1            3                2   4   2   4 4 4 2 1 2 1 5 2 1 5 4 4 3 3 3 3 3 3 3 3 3 3                         3
       2      2            3                2   5   5   5 2 3 2 3 3 2 3 3 2 4 3 4 4 3 3 3 3 4 3 3 3 3                         3
    200       2            3                2   5   5   5 5 5 5 5 5 5 5 5 5 4 2 2 4 5 5 5 5 5 5 5 4 4                         4
       2      2            3                2   4   5   4 3 4 4 2 3 3 4 3 2 4 4 4 4 4 3 3 3 3 4 3 4 4                         3
       3      1            3                4   4   3   3 2 3 2 2 2 2 4 4 2 3 4 4 2 3 3 3 3 3 3 3 3 3                         3
       2      2            3                4   3   4   4 4 4 2 2 2 2 4 2 2 4 4 4 4 4 4 4 4 4 4 4 4 4                         4
       2      1            3                4   4   2   5 2 4 4 2 2 1 1 2 2 4 4 4 2 4 4 4 4 4 4 4 4 4                         4
       1      2            2                2   4   2   4 5 4 4 3 4 1 4 2 2 5 4 4 5 4 3 4 4 4 4 4 3 4                         5
       2      2            2                4   4   4   5 2 3 5 3 2 2 5 2 2 3 2 4 3 3 4 4 4 4 4 4 4 4                         4
4   1   3   4   2   2   2   2   2   2    2   1   1    3   3   3   4   3    3   3   3   3   4    3   3   3   4   4   4   3
2   2   2   3   4   4   4   5   4   5    5   5   4    5   4   5   5   5    5   5   4   4   4    5   5   5   5   5   5   5
1   2   3   2   4   2   4   2   3   2    2   1   1    3   2   2   4   3    4   4   4   4   3    2   4   4   4   4   4   4
1   2   3   2   3   3   4   3   4   4    4   4   3    4   4   3   4   4    4   3   3   3   4    4   4   4   4   3   4   4
1   2   2   2   3   4   4   2   3   4    4   2   2    4   4   4   4   4    3   4   4   4   4    4   4   4   4   4   4   4
1   2   2   2   3   4   4   5   4   4    5   4   2    5   5   4   4   4    4   5   3   4   4    4   3   3   4   4   4   4
3   2   3   4   5   5   5   5   5   5    5   5   2    5   5   2   5   5|       5   3   3   3    3   3   3   5   4   3   3
1   2   3   2   4   4   4   4   4   2    4   2   2    4   2   2   2   2    4   2   4   4   4    4   4   4   4   4   4   4
1   2   2   1   4   2   4   4   4   4    4   4   4    4   4   4   4   4    4   4   4   4   4    4   4   4   4   4   4   4
1   2   2   2   5   4   4   4   4   4    4   4   4A       4   4   4   4    4   4   4   4   4    4   4   4   4   4   5   4
2   1   2   3   5   4   5   5   5   4    2   4   4    4   2   4   2   2    4   4   4   2   2    4   4   4   4   4   2   2
2   2   3   2   4   4   2   2   2   2    2   2   1    4   4   2   2   3    4   2   4   4   3    4   4   4   5   4   4   4
1   2   3   2   4   4   4   5   4   4    4   4   2    5   3   4   4   4    3   4   4   4   4    4   4   4   3   4   4   4
1   2   3   2   2   2   1   3   2   2    2   2   2    2   2   2   2   4    2   3   3   3   3    4   4   4   4   4   4   4
1   2   3   2   4   2   2   4   4   4    4   2   4    3   4   2   4   3    4   2   3   2   2    3   4   4   4   3   2   2
2   1   3   3   2   3   3   3   3   2    3   2   2    3   2   2   3   2    2   3   3   4   3    3   4   4   3   2   3   3
1   2   3   2   4   2   2   4   5   4    4   3   3    4   4   1   4   3    4   2   3   3   3    3   3   3   3   3   3   3
2   1   3   3   5   3   4   4   3   2    2   2   1    4   3   2   5   1    5   1   3   4   3    3   3   3   3   3   3   3
1   1   3   2   2   5   5   4   5   3    1   3   1    5   2   1   3   2    2   1   4   3   3    3   5   5   5   5   3   5
1   1   2   1   4   3   4   4   3   4    4   4   4    4   4   4   4   4    4   3   4   4   4    4   4   4   4   4   4   4
1   1   2   2   2   2   3   3   3   3    2   2   2    2   2   1   3   3    4   4   4   2   2    4   4   5   4   4   4   4
1   1   2   1   3   2   4   4   4   2    2   2   3    4   4   4   5   4    4   4   3   4   4    4   3   4   4   4   4   4
1   2   3   2   3   2   4   2   3   2    4   2   2    3   3   4   4   4    3   3   3   4   4    3   4   4   4   4   4   4
1   2   2   2   4   2   2   2   4   3    2   2   2    2   2   2   4   4    4   2   4   4   3    4   4   4   4   4   4   4
2   2   3   1   4   2   4   4   5   4    3   2   1    2   3   1   2   1    1   4   4   4   4    4   4   4   4   4   4   4
2   1   3   4   4   4   4   2   2   3    4   1   4    5   5   4   2   2    2   3   3   3   4    4   4   4   4   4   4   2
2   2   3   2   4   4   4   4   4   4    4   4   4    4   4   4   4   4    4   4   4   4   4    4   4   4   4   4   4   4
1   2   1   1   5   4   3   4   4   4    2   3   3    4   4   4   4   4    2   4   3   2   2    4   4   4   3   4   3   4
2   1   3   4   3   2   2   4   4   3    4   4   3    3   3   2   3   4    2   3   4   4   4    4   4   3   3   3   4   3
2   1   3   3   5   4   3   3   3   4    3   4   3    3   4   4   4   5    4   3   4   4   3    4   4   4   3   5   4   3
2   1   3   4   5   4   5   4   4   4    3   3   2    4   3   1   4   4    4   2   3   4   4    4   3   3   3   3   3   3
1   2   1   1   4   4   4   4   4   4    4   3   3    5   4   2   3   4    3   5   3   3   3    3   3   4   3   4   3   4
2   2   1   1   5   4   4   5   4   4    4   4   2    4   3   4   4   4    4   3   4   4   4    4   4   4   4   5   5   4
1   2   1   1   4   2   3   3   4   3    2   3   2    3   3   2   4   4    4   4   4   4   4    4   4   4   4   4   4   4
2   1   3   4   2   1   1   2   4   3    4   4   4    5   5   4   4   4    2   3   3   4   4    4   4   5   5   5   5   4
1   1   1   2   3   2   3   2   3   3    2   2   2    4   2   3   3   3    4   2   3   4   4    3   3   4   4   4   4   4
1   1   3   2   1   3   2   4   4   4    4   4   4    4   4   4   4   4    4   4   2   4   4    4   4   4   4   4   4   4
2   2   2   2   4   2   3   2   2   3    2   2   2    4   3   2   2   4    4   2   3   4   3    4   4   4   4   4   4   4
1   1   1   2   3   5   4   3   4   4    3   3   3    5   2   4   4   4    3   4   2   2   4!       4   4   4   3   4   3
1   1   3   3   2   2   2   1   1   1    1   1   1    1   1   1   5   1    5   5   3   1   5    5   5   5   5   5   5   5
1   2   2   1   4   3   4   4   3   4    3   3   3    3   4   4   4   4    3   4   4   4   3    4   3   4   3   3   4   4
1   2   3   2   4   4   3   3   2   2    2   2   1    3   1   1   4   4    1   2   5   4   4    5   5   5   5   4   4   5
2   1   3   2   3   4   2   4   3   1    4   4   2    2   4   4   4   3    2   4   1   3   1    3   4   4   4   4   2   3
1   1   3   2   4   3   3   4   4   3    3   2   2    3   2   2   4   4    4   2   3   4   4    4   4   4   4   4   4   3
2   2   2   2   4   3   4   4   4   2    3   2   2    4   3   3   2   3    4   2   3   4   4    4   4   4   4   4   4   4
1   1   3   2   5   4   3   4   4   4    5   5   4    5   5   2   4   4    3   3   5   4   4    4   4   4   5   4   5   5
1   1   3   2   4   4   4   4   4   4    4   4   4    4   4   4   4   4    4   4   4   4   3    3   4   4   4   3   4   3
1   1   2   2   3   1   1   2   4   1    1   1   1    1   1   1   3   2    4   2   4   4   3    3   3   3   3   3   4   3
1   1   3   2   4   3   4   4   4   4    4   4   4    4   4   4   4   4    4   4   4   4   1    2   1   2   2   2   2   3
1   2   3   1   3   2   2   3   2   3    2   2   2    3   3   2   4   3    4   2   3   3   3    4   4   4   3   4   3   3
1   2   3   1   4   1   1   2   2   2    2   2   2    2   2   2   2   4    2   2   4   4   4    4   4   4   4   4   4   4
2   2   3   4   1   3   4   4   3   4    4   4   4    5   5   4   4   4    4   4   4   4   4    4   3   4   4   4       4
1   1   2   2   3   3   3   2   2   4    3   3   3    2   4   2   3   1    1   5   4   3   4    3   4   2   3   2   3   2
1   1   3   3   4   2   4   4   4   4    4   4   4    4   4   4   4   4    3   4   3   4   3    2   3   4   4   2   3   2
2   1   3   3   4   2   2   4   4   4    3   3   4    4   4   2   4   4    4   2   4   3   3    4   4   4   4   4   4   4
2   1   3   3   4   3   4   3   2   2    3   3   2    3   2   2   4   3    4   3   4   4   4    4   4   4   4   4   4   4
2   1   3   3   2   2   3   4   4   3    4   3   4    3   3   2   3   4    4   4   3   4   2    4   4   4   4   5   4   4
1   2   2   2   4   4   4   3   3   2    3   3   3    4   4   3   2   3    2   4   4   4   4    4   2   4   4   4   4   3
1   2   3   2   4   2   3   4   5   4    4   3   5    4   4   5   2   1    1   5   3   4   3    3   4   4   4   4   4   4
1   2   3   2   3   2   4   3   4   4    2   2   3    4   2   2   3   2    4   2   3   4   4    4   4   4   3   3   3   3
1   2   3   2   4   2   2   2   2   2    2   2   2    2   2   2   2   2    4   2   5   4   4    4   4   4   4   4   4   4
1   2   2   1   3   4   3   4   4   4    4   4   3    4   4   3   4   3    4   2   4   4   2    3   3   4   4   4   3   3
1   1   2   2   4   3   4   4   4   2    2   2   2    4   2   3   4   4    2   3   3   4   4    4   3   4   4   4   3   3
2   2   3   1   3   2   4   4   4   3    3   2   2    3   3   2   4   4    4   4   4   4   4    3   4   4   4   4   4   4
1   1   2   2   4   4   4   3   4   4    2   2   3    5   3   3   4   4    2   2   3   3   3    3   4   4   4   4   3   4
1   2   3   1   3   4   2   3   4   5    4   3   2    2   2   3   3   4    4   4   3   3   3    3   3   3   3   3   3   3
1   1   3   2   4   2   3   1   2   2p       2   1    3   2   1   4   4    5   4   3   4   4    4   5   5   5   5   5   3
1   2   2   3   4   3   3   4   4   4    4   4   4    4   4   4   4   4    4   4   4   4   4    4   4   4   4   4   4   4
1   1   2   2   4   2   2   2   1   2    1   2   2    2   1   1   4   2    4   2   4   5   3    4   4   4   5   4   5   4
1   1   2   3   3   3   5   2   3   4    2   2   1    5   3   3   3   3    3   3   3   3   3    3   3   3   3   3   3   3
3   1   2   4   4   3   4   2   4   4    4   4   2    4   4   2   4   3    4   3   3   3   3    3   3   3   3   3   3   3
1   2   1   1   2   2   3   2   4   2    3   2   2    4   2   2   3   3    4   2   3   4   3    3   3   3   4   4   4   4
1   2   2   1   2   3   3   3   3   3    4   4   4    4   4   3   4   4    4   4   5   3   3    3   3   3   3   3   3   3
1   2   2   2   1   4   4   4   5   5    5   5   5    5   5   5   5   2    2   3   4   3   1    1   1   5   4   3   4   4
1   1   2   2   5   2   4   4   5   5    4   4   2    3   4   2   4   4    5   1   4   4   4    4   4   4   5   2   4   4
1   1   3   2   5   2   2   3   4   4    4   2   2    3   2   2   4   4    5   2   4   4   4    4   4   4   4   4   4   3
1   2   2   2   4   2   2   4   4   4    4   4   4    3   4   4   2   4    2   5   4   4   4    3   3   4   4   3   4   4
2   2   3   3   5   5   2   3   4   4    3   3   3    5   5   4   3   4    2   4   3   4   4    4   4   4   4   4   4   4
2   2   3   3   4   5   3   2   3   2    2   2   2    3   2   2   4   2    4   2   4   4   4    4   4   4   4   4   4   4
2   2   3   4   3   2   2   4   4   4    3   4   4    4   3   4   2   4    2   4   3   4   4    3   4   4   3   3   3   3
2   1   3   4   5   5   5   2   2   1    1   1   1    4   2   1   4   4    3   2   4   4   4    4   5   5   4   4   4   4
5   2   3   4   2   2   2   2   4   2    2   2   1    2   1   1   5   1    4   2   5   5   5    4   5   5   4   4   4   4
3   1   2   4   4   4   4   4   5   4   2    3   2   4   2   2   5   2   5   4   4   4   2   1   1   4   2   3   2   2
2   2   3   2   3   2   4   4   4   3   3    3   4   3   4   2   3   4   2   4   4   3   3   4   4   4   4   4   4   4
1   1   3   3   2   2   2   2   2   2   2    2   4   2   2   2   3   3   3   3   3   3   3   3   3   3   3   3   3   3
2   2   3   1   5   4   4   5   5   5   4    5   5   5   4   4   4   5   2   4   3   3   3   3   3   4   4   4   4   3
1   1   1   2   3   4   4   3   3   4   4    4   4   5   3   3   3   4   4   4   4   4   4   4   4   4   3   4   4   4
1   1   2   1   2   5   5   1   5   5   4    1   1   1   1   4   2   3   3   3   1   4   1   1   5   1   2   3   4   4
1   1   3   2   2   3   4   2   1   4   5    3   2   3   4   2   1   4   5   4   3   3   2   4   5   1   3   4   1   1
2   1   3   3   5   2   5   4   3   2   2    2   2   3   3   2   4   2   4   3   3   4   4   3   3   4   4   4   4   4
2   1   3   4   4   3   5   3   4   1   3    4   2   5   2   2   5   4   4   4   4   4   4   3   4   4   3   3   5   4
2   1   3   4   5   3   5   5   5   3   4    4   4   4   3   5   5   5   4   3   4   4   3   5   5   4   5   5   5   5
1   1   3   3   4   5   4   4   4   4   4    4   5   5   4   4   4   4   4   5   4   4   4   4   4   4   4   4   4   4
2   1   3   3   4   4   4   2   5   4   3    2   2   4   2   4   3   4   2   2   4   5   5   4   4   4   4   4   5   3
1   1   3   3   4   4   4   4   4   2   4    4   4   4   4   4   4   4   4   4   4   4   4   4   4   4   4   4   4   4
2   1   3   4   4   4   4   4   4   4   3    3   2   3   4   2   4   4   2   4   4   4   4   4   4   4   4   4   4   4
2   2   2   3   2   2   2   2   2   2   2    2   2   2   4   2   4   4   4   4   3   2   2   4   4   4   2   4   4   4
1   2   3   2   4   3   4   5   4   3   3    3   3   4   4   3   3   4   2   4   2   3   3   3   3   4   3   3   3   3
1   1   3   2   3   2   3   3   2   1   2    1   1   5   3   1   4   2   4   4   4   4   5   4   5   5   4   3   5   4
2   1   2   2   3   2   2   4   3   2   2    2   2   2   4   3   4   2   3   3   3   3   2   2   2   2   2   2   2   3
1   2   2   2   3   2   4   4   4   4   4    4   2   3   3   3   2   3   2   2   3   3   3   3   4   3   3   3   3   4
2   1   3   3   3   1   2   4   4   1   3    2   3   2   1   3   4   5   4   2   3   2   2   2   3   4   4   4   4   4
1   1   3   2   4   3   4   3   2   2   1    2   1   4   2   2   1   2   3   2   4   3   3   4   4   3   1   3   4   2
1   2   2   1   3   3   3   4   3   3   3    4   4   4   3   3   3   3   3   3   3   4   3   3   3   3   3   3   3   3
3   2   3   4   4   3   3   2   4   2   2    2   2   4   2   2   4   2   2   2   4   4   4   4   4   4   4   4   4   4
2   2   3   2   4   4   2   2   4   2   2    2   2   4   2   2   4   3   4   2   4   4   4   4   4   4   4   4   4   4
1   1   3   2   4   4   5   4   3   4   2    2   3   4   3   3   3   3   4   4   4   4   4   4   4   4   3   4   4   4
1   1   3   2   2   3   4   2   1   4   5    3   2   3   4   2   1   4   5   4   3   3   2   4   5   1   3   4   1   1
1   1   1   2   3   3   3   2   4   2   2    3   5   5   4   1   2   5   4   2   1   3   4   5   4   2   3   4   1   5
1   2   3   2   3   3   3   3   3   3   4    3   3   3   3   2   4   3   4   3   3   4   3   3   4   3   4   4   3   3
1   2   1   1   4   2   4   5   2   2   2    3   2   5   3   5   1   4   5   5   4   4   2   1   5   4   4   4   1   1
2   4   4   4   1   2   4   4   3   2   2    1   1   3   1   2   2       2   3   4   4   5   5   5   5   4   2   4   3
1   2   3   2   1   4   4   4   4   4   4    5   4   5   5   5   5   5   5   5   3   5   5   4   4   3   2   1   2   2
1   1   3   1   2   2   2   2   3   2   2    2   2   2   2   2   2   2   2   2   4   4   4   4   4   4   4   5   4   4
2   2   4   2   2   1   2   4   4   4   3    4   4   4   4   4   4   3   5   4   2   2   2   2   2   2   1   1   1   4
1   1   1   1   2   3   1   3   4   3   3    1   1   1   3   3   3   1   1   4   3   4   3   3   3   2   3   3   1   2
1   1   1   1   1   2   3   3   4   5   3    3   3   3   1   1   2   3   1   2   4   4   3   3   1   3   3   2   4   4
1   1   2   2   5   5   5   3   5   4   4    2   1   4   3   3   2   3   3   2   5   5   3   5   3   3   3   4   5   5
1   2   3   2   4   3   4   3   2   3   3   -4   4   4   2   2   2   2   3   5   3   2   3   4   4   3   4   3   4   3
1   1   1   3   4   5   5   5   2   2   2    2   2   2   2   3   5   3   4   1   4   4   3   5   5   4   5   5   5   4
2   2   3   3   5   5   5   5   5   5   5    5   5   5   5   5   4   4   4   2   5   5   5   5   5   5   5   5   5   5
1   2   3   3   5   5   5   4   5   5   4    4   5   5   5   5   4   5   4   4   4   2   4   2   3   3   4   4   4   4
2   1   4   3   2   3   4   4   1   4   4    4   3   2   4   3   4   3   4   4   4   4   2   3   5   3   3   3   4   3
1   2   2   1   5   2   4   4   2   2   4    4   2   4   4   2   3   4   4   4   4   4   4   5   5   5   5   5   5   5
1   2   3   3   4   4   4   4   4   4   4    4   2   4   4   4   4   4   4   4   4   4   4   4   4   4   4   4   4   4
1   2   2   2   4   4   4   5   5   5   5    5   5   5   5   5   4   2   4   2   4   4   4   4   4   4   4   4   4   4
2   1   3   3   5   5   5   5   5   5   5    5   5   5   5   5   4   4   4   4   5   5   4   5   5   5   5   5   5   5
